dataset: amazon_sports_and_outdoors
version: '2023'
computed_at: '2025-12-15T12:18:21.403784+00:00'
characteristics:
  n_users: 10331141
  n_items: 1587219
  n_interactions: 19349403
  space_size: 4049.4176478697527
  space_size_log: 3.607392571238953
  shape: 6.5089574910582595
  shape_log: 0.813511435244585
  density: 1.1800011417081474e-06
  density_log: -5.9281175724927655
  gini_item: 0.8232507097140822
  gini_user: 0.38244082486129133
  ratings_per_user: 1.8729202321408642
  ratings_per_item: 12.190758175147852
