dataset: epinions
version: v1
computed_at: '2025-12-15T18:31:57.699115+00:00'
characteristics:
  n_users: 60341
  n_items: 51957
  n_interactions: 508837
  space_size: 55.99229712201492
  space_size_log: 1.7481282850865338
  shape: 1.161364205015686
  shape_log: 0.06496843629715585
  density: 0.00016230134290924048
  density_log: -3.789677886731624
  gini_item: 0.7921899552346756
  gini_user: 0.7644161705431212
  ratings_per_user: 8.432690873535407
  ratings_per_item: 9.793425332486478
